  1.000000000  1.000000000  1.000000000  1.000000000  1.000000000  1.000000000  1.000000000  1.000000000  1.000000000  1.000000000  1.000000000  1.000000000  1.000000000  1.000000000  1.000000000  1.000000000  1.000000000  1.000000000
  1.001880527  1.001827836  1.001219392  1.001388907  1.000758290  1.000683308  1.000747204  1.000783324  1.002522230  1.002644420  1.004447222  1.003641725  1.000291705  1.000286102  1.000986099  1.000647187  1.001433372  1.003805518
  1.003761053  1.003655553  1.002438903  1.002777815  1.001516700  1.001366615  1.001494408  1.001566648  1.005044460  1.005288839  1.008894444  1.007283330  1.000583291  1.000572205  1.001972198  1.001294494  1.002866626  1.007611156
  1.005641699  1.005483389  1.003658295  1.004166722  1.002274990  1.002050042  1.002241611  1.002349973  1.007566690  1.007933378  1.013341665  1.010925055  1.000874996  1.000858307  1.002958298  1.001941681  1.004299998  1.011416674
  1.007522225  1.007311106  1.004877806  1.005555511  1.003033280  1.002733350  1.002988935  1.003133297  1.010088921  1.010577798  1.017788887  1.014566660  1.001166701  1.001144409  1.003944397  1.002588868  1.005733371  1.015222192
  1.008933306  1.008855581  1.005866647  1.006588936  1.003399968  1.003200054  1.003511071  1.003577828  1.012699962  1.013355613  1.022233367  1.018155575  1.001011133  1.001144409  1.004733324  1.002944469  1.006711125  1.018744469
  1.010344386  1.010522246  1.006877780  1.007588863  1.003844500  1.003833294  1.004088879  1.004011154  1.015622258  1.016511083  1.026866674  1.021900058  1.000844479  1.001277804  1.005633354  1.003299952  1.007688880  1.022433281
  1.011811137  1.012111068  1.007988930  1.008700013  1.004344463  1.004411101  1.004777789  1.004577756  1.018766642  1.019855499  1.031722188  1.025933385  1.000755548  1.001344442  1.006644487  1.003811121  1.008722186  1.026100039
  1.013433337  1.013733387  1.009088874  1.009744406  1.004988909  1.005022168  1.005466700  1.005077720  1.022311091  1.023355603  1.036733389  1.030011058  1.000788927  1.001422167  1.007677794  1.004266620  1.009922266  1.029800057
  1.015200019  1.015455604  1.010355592  1.010944486  1.005833387  1.005755544  1.006311059  1.005744457  1.026200056  1.027122259  1.042000055  1.034399986  1.000955582  1.001588941  1.008877754  1.004877806  1.011266708  1.033655524
  1.016999960  1.017377734  1.011577725  1.012211084  1.006766677  1.006677747  1.007111073  1.006433368  1.030255556  1.031233311  1.047388911  1.038933277  1.001155615  1.001977801  1.010055542  1.005533338  1.012655497  1.037700057
  1.018955588  1.019288898  1.012866616  1.013488889  1.007799983  1.007522225  1.007955551  1.007133365  1.034511089  1.035433292  1.052977800  1.043566704  1.001488924  1.002288938  1.011288881  1.006188869  1.014199972  1.041788936
  1.021000028  1.021322250  1.014322281  1.014977813  1.008922219  1.008522272  1.008977771  1.008011103  1.038955569  1.039855599  1.058899999  1.048433304  1.001922250  1.002811074  1.012699962  1.006999969  1.015822172  1.046144485
  1.023066640  1.023455501  1.015755534  1.016399980  1.010077834  1.009577751  1.009966612  1.008811116  1.043422222  1.044355512  1.064955592  1.053377748  1.002355576  1.003366709  1.014088869  1.007722259  1.017533302  1.050666690
  1.025377750  1.025688887  1.017188907  1.017977834  1.011455536  1.010722280  1.010966659  1.009766698  1.048177719  1.049144387  1.071266651  1.058577776  1.002944469  1.003977776  1.015488863  1.008577824  1.019455552  1.055433393
  1.027699947  1.027877808  1.018711090  1.019622207  1.012788892  1.011800051  1.011999965  1.010788918  1.052966714  1.053966641  1.077777743  1.063922167  1.003522277  1.004500031  1.016899943  1.009477735  1.021377802  1.060211062
  1.030133367  1.030222178  1.020244479  1.021233320  1.014188886  1.013011098  1.013033390  1.011744499  1.057877779  1.058922172  1.084499955  1.069311142  1.004111052  1.005122185  1.018355608  1.010311127  1.023355603  1.065277815
  1.032666683  1.032644391  1.021811128  1.023022175  1.015788913  1.014288902  1.014122248  1.012855530  1.062888861  1.064044476  1.091433287  1.074966669  1.004911065  1.005855560  1.019844413  1.011322260  1.025488853  1.070477724
  1.035055518  1.035022259  1.023333311  1.024733305  1.017111063  1.015488863  1.015155554  1.013877749  1.067844391  1.069144487  1.098522186  1.080666661  1.005466700  1.006511092  1.021322250  1.012277722  1.027466655  1.075799942
  1.037455559  1.037155509  1.024833322  1.026488900  1.018344402  1.016511083  1.016188860  1.014899969  1.072733283  1.074166656  1.105833292  1.086488843  1.005922198  1.006955504  1.022766709  1.013188839  1.029388905  1.081088901
  1.039866686  1.039344430  1.026377797  1.028288841  1.019588947  1.017633319  1.017266631  1.015955567  1.077666640  1.079433322  1.113422275  1.092477798  1.006399989  1.007466674  1.024299979  1.014166713  1.031299949  1.086488843
  1.042133331  1.041611075  1.027866721  1.029922247  1.020788908  1.018711090  1.018288851  1.016822219  1.082622170  1.084766626  1.121166706  1.098477721  1.006800056  1.007911086  1.025799990  1.014988899  1.033088923  1.091988921
  1.044499993  1.043822169  1.029422164  1.031744480  1.021988869  1.019755602  1.019377828  1.017844439  1.087800026  1.090233326  1.129188895  1.104644418  1.007233381  1.008366704  1.027422190  1.015933275  1.034955502  1.097422242
  1.046666622  1.045977831  1.030955553  1.033444405  1.023033381  1.020799994  1.020444393  1.018755555  1.092900038  1.095711112  1.137333274  1.110933304  1.007544398  1.008855581  1.029044390  1.016844392  1.036655545  1.102844477
  1.049000025  1.048188925  1.032500029  1.035222173  1.024244428  1.021811128  1.021533370  1.019633293  1.098299980  1.101277828  1.145722270  1.117433310  1.008022189  1.009411097  1.030733347  1.017777801  1.038533330  1.108211160
  1.051100016  1.050322175  1.033966660  1.037066698  1.025233388  1.022755504  1.022522211  1.020599961  1.103588939  1.107044458  1.154233336  1.124033332  1.008344412  1.009966612  1.032311082  1.018766642  1.040166616  1.113644481
  1.052977800  1.052333355  1.035366654  1.038677812  1.025966644  1.023633361  1.023422241  1.021377802  1.108966708  1.112911105  1.163011074  1.130655527  1.008433342  1.010455608  1.033855557  1.019566655  1.041522264  1.118933320
  1.054944396  1.054422259  1.036711097  1.040444493  1.026944399  1.024555564  1.024322271  1.022244453  1.114500046  1.118999958  1.172022223  1.137566686  1.008833289  1.011111140  1.035388947  1.020477772  1.043088913  1.124144435
  1.056766629  1.056399941  1.037922263  1.042033315  1.027899981  1.025500059  1.025133371  1.023055553  1.120000005  1.124855518  1.180744410  1.144166708  1.009322166  1.011788845  1.036822200  1.021299958  1.044622183  1.129088879
  1.058422208  1.058300018  1.039033294  1.043544412  1.028441191  1.026111722  1.025435328  1.023623586  1.125166655  1.130433321  1.189066648  1.150533319  1.009847045  1.012405872  1.037076473  1.021682382  1.045558810  1.131682396
  1.060088873  1.059888840  1.040099978  1.045099974  1.029129386  1.026882410  1.026152968  1.024294138  1.130177736  1.135777831  1.196922183  1.156566620  1.010082364  1.012876511  1.038194060  1.022317648  1.046811819  1.136000037
  1.061555505  1.061411142  1.041055560  1.046488881  1.029917598  1.027641177  1.026829362  1.024994135  1.134866714  1.140811086  1.204399943  1.162299991  1.010464668  1.013364673  1.039229393  1.022941232  1.048123479  1.140117645
  1.063044429  1.062955499  1.042022228  1.047911167  1.030758858  1.028417706  1.027505875  1.025647044  1.139344454  1.145666718  1.211511135  1.167644501  1.010911822  1.013876438  1.040264726  1.023547053  1.049464703  1.144011736
  1.064177752  1.064355612  1.042833328  1.049188852  1.031435251  1.029094100  1.028123498  1.026217699  1.143322229  1.150144458  1.218177795  1.172544479  1.011217594  1.014341235  1.041205883  1.024070621  1.050641179  1.147705913
  1.065355539  1.065655589  1.043599963  1.050300002  1.032064676  1.029676437  1.028658867  1.026782393  1.147022247  1.154099941  1.224444389  1.177022219  1.011511803  1.014741182  1.042041183  1.024582386  1.051794171  1.151135325
  1.066533327  1.066855550  1.044277787  1.051433325  1.032652974  1.030211806  1.029129386  1.027270555  1.150455594  1.157699943  1.230200052  1.181122184  1.011817694  1.015158772  1.042770624  1.025064707  1.052835345  1.154399991
  1.067688942  1.067933321  1.044966698  1.052377820  1.033164740  1.030670643  1.029558778  1.027682304  1.153611064  1.161033392  1.235522270  1.184822202  1.012088180  1.015505910  1.043441176  1.025423527  1.053776503  1.157500029
  1.068922281  1.069044471  1.045777798  1.053344488  1.033552885  1.031023502  1.029941201  1.028052926  1.156599998  1.164355516  1.240788937  1.188544393  1.012317657  1.015741229  1.044000030  1.025770545  1.054558873  1.160423517
  1.070000052  1.069988847  1.046455503  1.054266691  1.033911824  1.031352997  1.030294061  1.028317690  1.159488916  1.167544484  1.246088862  1.192133307  1.012500048  1.015964746  1.044535279  1.026000023  1.055382371  1.163135290
  1.071055532  1.071077824  1.047044396  1.055077791  1.033856034  1.031028032  1.030104041  1.027948022  1.162344456  1.170722246  1.251488924  1.195833325  1.012423992  1.015544057  1.044307947  1.025683999  1.055619955  1.164055943
  1.071988940  1.072055578  1.047566652  1.055777788  1.034332037  1.031391978  1.030439973  1.028288007  1.165077806  1.173933387  1.256888866  1.199499965  1.012683988  1.015784025  1.044844031  1.026011944  1.056511998  1.166831970
  1.072855592  1.072811127  1.048044443  1.056422234  1.034680009  1.031739950  1.030732036  1.028599977  1.167777777  1.176855564  1.262300014  1.203099966  1.012859941  1.016003966  1.045307994  1.026275992  1.057247996  1.169528008
  1.073822260  1.073511124  1.048499942  1.057033300  1.035035968  1.032055974  1.031020045  1.028856039  1.170366645  1.179900050  1.267722249  1.206666708  1.013023973  1.016180038  1.045735955  1.026512027  1.057971954  1.172003984
  1.074677825  1.074188948  1.048855543  1.057666659  1.035411954  1.032323956  1.031272054  1.029099941  1.173011065  1.182977796  1.273188829  1.210244417  1.013247967  1.016327977  1.046103954  1.026723981  1.058755994  1.174388051
  1.075477719  1.074877739  1.049233317  1.058200002  1.035732031  1.032572031  1.031479955  1.029320002  1.175544500  1.185966611  1.278555512  1.213733315  1.013399959  1.016432047  1.046408057  1.026875973  1.059435964  1.176640034
  1.076277733  1.075522184  1.049522281  1.058755517  1.036036015  1.032796025  1.031692028  1.029523969  1.178022265  1.188855529  1.283866644  1.217011094  1.013535976  1.016540051  1.046712041  1.027040005  1.060099959  1.178876042
  1.076944470  1.076144457  1.049733281  1.059355497  1.036299944  1.032976031  1.031903982  1.029700041  1.180633307  1.191733360  1.289277792  1.220277786  1.013664007  1.016623974  1.047027946  1.027168036  1.060708046  1.180979967
  1.077611089  1.076777816  1.050077796  1.059966683  1.036496043  1.033139944  1.032063961  1.029852033  1.183322191  1.194644451  1.294722199  1.223633289  1.013756037  1.016703963  1.047284007  1.027276039  1.061228037  1.183035970
  1.078422189  1.077366710  1.050444484  1.060588837  1.036748052  1.033267975  1.032212019  1.029952049  1.185955524  1.197411060  1.300144434  1.226955533  1.013892055  1.016759992  1.047531962  1.027343988  1.061792016  1.185003996
  1.078952909  1.077870607  1.050899982  1.061300039  1.036490917  1.033127308  1.032063603  1.029815197  1.188433290  1.200233340  1.305511117  1.230255604  1.013678789  1.016627312  1.047442436  1.027206063  1.061718225  1.185806036
  1.079570532  1.078435302  1.051182389  1.061852932  1.036612153  1.033236384  1.032184839  1.029924273  1.190866709  1.203066707  1.310833335  1.233544469  1.013693929  1.016654491  1.047657609  1.027269721  1.062166691  1.187618136
  1.080094099  1.078999996  1.051452994  1.062364697  1.036778808  1.033372760  1.032278776  1.030036330  1.193455577  1.205855608  1.316133380  1.236722231  1.013745427  1.016718149  1.047830343  1.027339339  1.062645435  1.189403057
  1.080588222  1.079482317  1.051752925  1.062870622  1.037009120  1.033487916  1.032354593  1.030115128  1.195922256  1.208622217  1.321322203  1.239866614  1.013869643  1.016760588  1.047990918  1.027400017  1.063197017  1.191102982
  1.081158876  1.080017686  1.052064657  1.063400030  1.037136316  1.033572674  1.032406092  1.030169725  1.198199987  1.211444497  1.326544404  1.243033290  1.013872743  1.016760588  1.048136353  1.027445436  1.063642383  1.192721248
  1.081658840  1.080476522  1.052317619  1.063917637  1.037254572  1.033624291  1.032451510  1.030209064  1.200433373  1.214222193  1.331755519  1.246222258  1.013909101  1.016748428  1.048257589  1.027469754  1.064060569  1.194263577
  1.082023501  1.080876470  1.052517653  1.064411759  1.037402987  1.033697009  1.032515168  1.030287862  1.202511072  1.216766715  1.336899996  1.249300003  1.013954520  1.016769648  1.048387885  1.027524233  1.064499974  1.195769668
  1.082347035  1.081282377  1.052752972  1.064864755  1.037472725  1.033754587  1.032566667  1.030327320  1.204477787  1.219400048  1.341922164  1.252222180  1.013915181  1.016760588  1.048499942  1.027548432  1.064851522  1.197209120
  1.082582355  1.081570625  1.052899957  1.065276504  1.037521243  1.033812165  1.032615185  1.030396938  1.206444502  1.222088933  1.346977830  1.255166650  1.013887882  1.016772747  1.048606038  1.027587891  1.065172672  1.198648453
  1.082776427  1.081788182  1.053017616  1.065652966  1.037584901  1.033857584  1.032651544  1.030457616  1.208577752  1.224577785  1.351944447  1.257955551  1.013890862  1.016763687  1.048699975  1.027633309  1.065481782  1.200024247
  1.082947969  1.081704021  1.052644014  1.065664053  1.037524343  1.033780456  1.032570720  1.030429244  1.209964752  1.226294160  1.355835319  1.259929419  1.013778090  1.016687751  1.048526883  1.027558565  1.065451264  1.199860930
  1.083207965  1.081984043  1.052788019  1.066032052  1.037600040  1.033804893  1.032609701  1.030446291  1.211852908  1.228605866  1.360494137  1.262570620  1.013748765  1.016678095  1.048614621  1.027565837  1.065760970  1.201087832
  1.083480000  1.082252026  1.052932024  1.066447973  1.037641406  1.033829212  1.032617092  1.030473113  1.213535309  1.230864763  1.365105867  1.265094161  1.013719559  1.016663432  1.048665881  1.027580500  1.066034198  1.202265859
  1.083724022  1.082468033  1.053060055  1.066831946  1.037697554  1.033843875  1.032631755  1.030509710  1.215341210  1.233094096  1.369647026  1.267529368  1.013719559  1.016653657  1.048717022  1.027600050  1.066324353  1.203409791
  1.084004045  1.082687974  1.053176045  1.067199945  1.037758589  1.033870697  1.032639027  1.030526876  1.217164755  1.235288262  1.374147058  1.269923568  1.013729215  1.016641498  1.048756123  1.027607322  1.066621900  1.204519510
  1.084211946  1.082820058  1.053251982  1.067487955  1.037824392  1.033878088  1.032653689  1.030539036  1.218817592  1.237370610  1.378523588  1.272276521  1.013726830  1.016602397  1.048802495  1.027602434  1.066907287  1.205565810
  1.084331989  1.082900047  1.053287983  1.067739964  1.037899971  1.033900023  1.032663465  1.030587792  1.220482349  1.239458799  1.382923484  1.274647117  1.013731718  1.016573191  1.048841476  1.027626872  1.067207336  1.206585407
  1.084499955  1.082960010  1.053320050  1.067980051  1.037956119  1.033936620  1.032673120  1.030622005  1.222123504  1.241423488  1.387241125  1.276911736  1.013700008  1.016558528  1.048878074  1.027619481  1.067490220  1.207582951
  1.084632039  1.083035946  1.053328037  1.068228006  1.038007259  1.033956051  1.032685399  1.030660987  1.223664761  1.243394136  1.391482353  1.279135346  1.013692737  1.016531706  1.048917055  1.027629256  1.067736626  1.208529234
  1.084740043  1.083104014  1.053303957  1.068439960  1.038063407  1.033990264  1.032699943  1.030680537  1.225188255  1.245329380  1.395635247  1.281252980  1.013687849  1.016524434  1.048958540  1.027636528  1.067999959  1.209458590
  1.084809065  1.082848430  1.053230286  1.068509102  1.037946939  1.033934712  1.032636762  1.030608177  1.226658821  1.247064710  1.399747014  1.283294082  1.013624549  1.016514301  1.048830628  1.027565360  1.067995906  1.209140778
  1.084993958  1.082921267  1.053269744  1.068748474  1.038012266  1.033981681  1.032622457  1.030622482  1.228099942  1.248747110  1.403699994  1.285247087  1.013614297  1.016499996  1.048848987  1.027553082  1.068265319  1.210055113
  1.085184813  1.083021164  1.053293943  1.068984866  1.038081646  1.034030557  1.032612205  1.030655146  1.229411721  1.250441194  1.407652974  1.287199974  1.013614297  1.016495943  1.048861265  1.027561188  1.068520427  1.210916281
  1.085312128  1.083121181  1.053300023  1.069209099  1.038151026  1.034075499  1.032618403  1.030679584  1.230764747  1.252117634  1.411541224  1.289064765  1.013614297  1.016493917  1.048893929  1.027571440  1.068767309  1.211738825
  1.085451484  1.083230257  1.053348541  1.069460630  1.038171411  1.034122467  1.032612205  1.030714273  1.232117653  1.253770590  1.415400028  1.290982366  1.013573527  1.016483665  1.048904061  1.027583718  1.068971395  1.212540865
  1.085593939  1.083339453  1.053393960  1.069681764  1.038210154  1.034175515  1.032628536  1.030746937  1.233494163  1.255435348  1.419264674  1.292958856  1.013548970  1.016491890  1.048934698  1.027595878  1.069187760  1.213340759
  1.085715175  1.083436370  1.053403020  1.069915175  1.038212299  1.034202099  1.032632709  1.030765295  1.234823585  1.257082343  1.423105836  1.294882298  1.013502002  1.016485691  1.048959136  1.027581692  1.069375515  1.214083672
  1.085854530  1.083521247  1.053439379  1.070136309  1.038230658  1.034248948  1.032620430  1.030759215  1.236052990  1.258635283  1.426882386  1.296717644  1.013481617  1.016506076  1.048957109  1.027557135  1.069565296  1.214802027
  1.085993886  1.083612084  1.053454518  1.070336342  1.038224459  1.034283638  1.032612205  1.030771375  1.237229466  1.260217667  1.430688262  1.298547029  1.013436794  1.016506076  1.048949003  1.027536750  1.069716334  1.215510249
  1.086115122  1.083642483  1.053439379  1.070506096  1.038226485  1.034291863  1.032593846  1.030763268  1.238605857  1.261811733  1.434482336  1.300429463  1.013393879  1.016479611  1.048926473  1.027504086  1.069889784  1.216150999
  1.086180449  1.083973169  1.053604841  1.070560932  1.038170218  1.034294724  1.032580733  1.030708790  1.239300013  1.263267994  1.437755942  1.301920056  1.013305306  1.016412258  1.048868418  1.027470231  1.069878936  1.216108799
  1.086324334  1.084109783  1.053643942  1.070736527  1.038164854  1.034312248  1.032561421  1.030703545  1.240476012  1.264863968  1.441452026  1.303696036  1.013249159  1.016392946  1.048854351  1.027445555  1.070045590  1.216766715
  1.086458564  1.084251165  1.053663373  1.070924401  1.038147330  1.034312248  1.032542109  1.030686021  1.241544008  1.266432047  1.445108056  1.305428028  1.013187766  1.016359687  1.048835039  1.027398229  1.070182443  1.217391253
  1.086578012  1.084339023  1.053668261  1.071082950  1.038119316  1.034277201  1.032505274  1.030654430  1.242732048  1.267943978  1.448719978  1.307136059  1.013107061  1.016299963  1.048803568  1.027350903  1.070310473  1.217966676
  1.086653709  1.084451199  1.053675652  1.071214676  1.038080692  1.034235120  1.032456160  1.030610561  1.243855953  1.269400001  1.452335954  1.308812022  1.013038635  1.016240358  1.048764944  1.027285933  1.070435047  1.218515754
  1.086748838  1.084534168  1.053692698  1.071326852  1.038035035  1.034210563  1.032422781  1.030578971  1.244871974  1.270876050  1.455935955  1.310439944  1.012947321  1.016177177  1.048740387  1.027235031  1.070531607  1.219026327
  1.086861014  1.084597588  1.053707361  1.071434140  1.037991285  1.034171939  1.032389522  1.030533314  1.245787978  1.272292018  1.459524035  1.312003970  1.012852669  1.016108751  1.048714042  1.027175426  1.070629835  1.219512224
  1.087002397  1.084697604  1.053739071  1.071578026  1.037975430  1.034145594  1.032359600  1.030500054  1.246752024  1.273663998  1.463039994  1.313531995  1.012791276  1.016050935  1.048684239  1.027135134  1.070738554  1.219964862
  1.087126851  1.084787846  1.053790212  1.071736574  1.037957907  1.034110546  1.032314062  1.030473709  1.247712016  1.275040030  1.466519952  1.315047979  1.012731552  1.015980721  1.048635125  1.027098298  1.070838571  1.220396519
  1.087187767  1.084863424  1.053834200  1.071853638  1.037954330  1.034089446  1.032275438  1.030442119  1.248651981  1.276347995  1.469980001  1.316535950  1.012675405  1.015924573  1.048596501  1.027061462  1.070956111  1.220807076
  1.086926579  1.084667325  1.053757191  1.071657181  1.037979960  1.034052253  1.032210827  1.030393839  1.249619961  1.277672052  1.473415971  1.318055987  1.012693882  1.015878439  1.048518419  1.026989222  1.070976973  1.220704675
  1.087016344  1.084710240  1.053767323  1.071761250  1.037999988  1.034064651  1.032187700  1.030373812  1.250568032  1.279052019  1.476780057  1.319548011  1.012684584  1.015855432  1.048490763  1.026958466  1.071116924  1.221136928
  1.087091804  1.084763288  1.053779602  1.071865320  1.038020015  1.034066200  1.032166123  1.030364633  1.251415968  1.280383945  1.480224013  1.321015954  1.012658477  1.015823126  1.048463106  1.026941538  1.071246147  1.221552253
  1.087102056  1.084771395  1.053785682  1.071957111  1.038055420  1.034073830  1.032141566  1.030349255  1.252315998  1.281636000  1.483615994  1.322471976  1.012644649  1.015798450  1.048432350  1.026916981  1.071395397  1.221955419
  1.087122440  1.084791780  1.053793907  1.072057128  1.038073897  1.034072280  1.032115340  1.030338407  1.253183961  1.282863975  1.487043977  1.323884010  1.012621522  1.015764594  1.048407674  1.026904583  1.071529269  1.222316980
  1.087167382  1.084824443  1.053799987  1.072153091  1.038078427  1.034060001  1.032086134  1.030316949  1.254027963  1.284055948  1.490460038  1.325268030  1.012601495  1.015723109  1.048378468  1.026880026  1.071650743  1.222650766
  1.087171435  1.084863305  1.053795934  1.072250962  1.038078427  1.034061551  1.032055378  1.030295372  1.254819989  1.285220027  1.493819952  1.326580048  1.012564659  1.015687704  1.048341513  1.026850820  1.071752310  1.222976923
  1.087177515  1.084885716  1.053799987  1.072336793  1.038093805  1.034063101  1.032021523  1.030273795  1.255571961  1.286355972  1.497164011  1.327859998  1.012538433  1.015655398  1.048307657  1.026819944  1.071875334  1.223272324
  1.087244868  1.084910154  1.053789854  1.072442889  1.038120031  1.034049273  1.031990767  1.030253887  1.256332040  1.287492037  1.500540018  1.329156041  1.012516975  1.015613794  1.048273802  1.026790738  1.072016954  1.223549247
  1.087297916  1.084924459  1.053775549  1.072516322  1.038183093  1.034053802  1.031980038  1.030253887  1.256999969  1.288555980  1.503792048  1.330351949  1.012536883  1.015598416  1.048252344  1.026787639  1.072175384  1.223861575
  1.087298274  1.084857941  1.053714037  1.072563171  1.038226128  1.034067750  1.031980038  1.030255437  1.257260561  1.288581848  1.506493926  1.330830336  1.012543082  1.015584588  1.048243046  1.026792288  1.072290778  1.224147677
  1.087306976  1.084878922  1.053714037  1.072622776  1.038255334  1.034061551  1.031970739  1.030252337  1.257978797  1.289560556  1.509645462  1.331966639  1.012550712  1.015546203  1.048233867  1.026789188  1.072409272  1.224424601
  1.087359667  1.084896445  1.053707004  1.072694778  1.038247705  1.034063101  1.031969190  1.030253887  1.258712173  1.290603042  1.512784839  1.333136320  1.012526155  1.015527725  1.048226118  1.026778460  1.072484612  1.224713802
  1.087422848  1.084915757  1.053699970  1.072747350  1.038258433  1.034035325  1.031956911  1.030255437  1.259430289  1.291590929  1.515821218  1.334269643  1.012516975  1.015483022  1.048203111  1.026761532  1.072573900  1.224976897
  1.087447405  1.084949136  1.053694725  1.072800040  1.038247705  1.034015417  1.031947732  1.030241489  1.260081768  1.292524219  1.518836379  1.335318208  1.012487650  1.015447736  1.048189282  1.026739955  1.072647691  1.225212336
  1.087473631  1.084968448  1.053687692  1.072849154  1.038220048  1.033981562  1.031924605  1.030210733  1.260754585  1.293451548  1.521866679  1.336418152  1.012443066  1.015386105  1.048164606  1.026704669  1.072703123  1.225435376
  1.087498188  1.085028052  1.053694725  1.072933316  1.038216949  1.033944607  1.031903028  1.030179977  1.261493921  1.294375777  1.524875760  1.337499976  1.012426138  1.015343070  1.048140049  1.026675344  1.072783113  1.225656867
  1.087543845  1.085073709  1.053701758  1.073015809  1.038203120  1.033906102  1.031870723  1.030147672  1.262281775  1.295221210  1.527854562  1.338530302  1.012401581  1.015298486  1.048096895  1.026647687  1.072853804  1.225856900
  1.087549090  1.085091233  1.053701758  1.073075414  1.038170815  1.033856869  1.031833887  1.030115366  1.263030291  1.296066642  1.530842423  1.339575768  1.012364626  1.015244603  1.048056960  1.026610732  1.072910786  1.226009250
  1.087559700  1.085103512  1.053692937  1.073115826  1.038147688  1.033827662  1.031813860  1.030090809  1.263739347  1.296842456  1.533815145  1.340621233  1.012332320  1.015201569  1.048030734  1.026576877  1.072976947  1.226184607
  1.087270737  1.084810734  1.053535342  1.072980046  1.038130760  1.033816934  1.031787634  1.030081511  1.264378786  1.297584891  1.536736369  1.341627240  1.012306213  1.015169263  1.047998428  1.026567698  1.073043108  1.226378441
  1.087290764  1.084864616  1.053547740  1.073055387  1.038120031  1.033821583  1.031793833  1.030087709  1.265087843  1.298336387  1.539609075  1.342584848  1.012292266  1.015166163  1.047993898  1.026567698  1.073110819  1.226572275
  1.087323070  1.084907651  1.053561568  1.073123097  1.038103104  1.033826113  1.031795382  1.030087709  1.265742421  1.299096942  1.542460561  1.343545437  1.012279987  1.015152335  1.047993898  1.026563048  1.073178411  1.226756930
  1.087387681  1.084967732  1.053583026  1.073189259  1.038135409  1.033843040  1.031804562  1.030081511  1.266390920  1.299842477  1.545263648  1.344499946  1.012303114  1.015147686  1.047995329  1.026547670  1.073276877  1.226949215
  1.087381482  1.085003018  1.053603053  1.073264599  1.038095355  1.033841491  1.031803131  1.030079961  1.267066717  1.300569654  1.548033357  1.345478773  1.012278438  1.015120029  1.047984600  1.026544571  1.073320031  1.227153897
  1.087396979  1.085019946  1.053629279  1.073330760  1.038067698  1.033821583  1.031807661  1.030061483  1.267830253  1.301330328  1.550821185  1.346481800  1.012252331  1.015089273  1.047978520  1.026521564  1.073370814  1.227356911
  1.087410808  1.085052252  1.053650737  1.073390722  1.038043022  1.033804655  1.031806111  1.030046105  1.268509150  1.302039385  1.553581834  1.347466707  1.012230754  1.015061498  1.047972322  1.026504636  1.073416948  1.227552295
  1.087426186  1.085092306  1.053681493  1.073453903  1.038029194  1.033796906  1.031816959  1.030040026  1.269209146  1.302760601  1.556303024  1.348460555  1.012216926  1.015049219  1.047976971  1.026493788  1.073467731  1.227756977
  1.087446213  1.085149288  1.053696871  1.073506117  1.038013816  1.033792257  1.031815410  1.030032277  1.269884825  1.303427219  1.558984876  1.349415183  1.012203097  1.015035391  1.047964573  1.026484609  1.073518515  1.227970719
  1.087452292  1.085175395  1.053704619  1.073532343  1.037986159  1.033781528  1.031810760  1.030009270  1.270487905  1.304066658  1.561609149  1.350342393  1.012181520  1.015007734  1.047947645  1.026461482  1.073553801  1.228186131
  1.087450743  1.085186124  1.053698421  1.073555350  1.037960052  1.033766150  1.031792283  1.029987693  1.270858526  1.304341435  1.563102484  1.350870728  1.012167692  1.014976978  1.047921538  1.026438475  1.073593855  1.228361487
  1.087407708  1.085175395  1.053695440  1.073575377  1.037953854  1.033744574  1.031778455  1.029975414  1.271424413  1.304987788  1.565626860  1.351743937  1.012143135  1.014938474  1.047895432  1.026426196  1.073643088  1.228527665
  1.087366104  1.085147738  1.053696871  1.073590755  1.037919998  1.033709288  1.031767726  1.029956937  1.271956086  1.305582881  1.568143845  1.352580547  1.012110710  1.014889240  1.047880054  1.026406169  1.073660016  1.228684664
  1.087344646  1.085116982  1.053683043  1.073603034  1.037892342  1.033672333  1.031749249  1.029936910  1.272502422  1.306214690  1.570653677  1.353448749  1.012069225  1.014835358  1.047863126  1.026383042  1.073684573  1.228829265
  1.087330818  1.085098505  1.053678513  1.073629260  1.037878513  1.033649206  1.031735420  1.029932261  1.273014665  1.306800008  1.573163390  1.354300022  1.012046099  1.014795423  1.047847748  1.026376963  1.073721528  1.228999972
  1.087326169  1.085090756  1.053683043  1.073658466  1.037867665  1.033632278  1.031735420  1.029926181  1.273553610  1.307385325  1.575578094  1.355136633  1.012026191  1.014760017  1.047835350  1.026367664  1.073747635  1.229161501
  1.087319970  1.085070729  1.053679943  1.073680043  1.037841558  1.033603072  1.031732321  1.029909253  1.274048805  1.307956100  1.577978015  1.355929255  1.011992335  1.014729261  1.047824621  1.026346207  1.073755383  1.229296923
  1.087292314  1.085050821  1.053678513  1.073693871  1.037806153  1.033575416  1.031733871  1.029884577  1.274538994  1.308502436  1.580343962  1.356714606  1.011970758  1.014707685  1.047818422  1.026316881  1.073773861  1.229435444
  1.087238431  1.085019946  1.053672314  1.073726177  1.037752271  1.033544660  1.031729221  1.029876947  1.274999976  1.309038997  1.582678080  1.357487798  1.011916876  1.014681578  1.047807693  1.026298404  1.073767662  1.229560018
  1.087173820  1.084976912  1.053656936  1.073738456  1.037700057  1.033510804  1.031723022  1.029863119  1.275441408  1.309597611  1.584995151  1.358287811  1.011872292  1.014650822  1.047793865  1.026286125  1.073752284  1.229670763
  1.087109208  1.084915400  1.053640008  1.073741555  1.037638426  1.033478498  1.031715393  1.029843092  1.275907278  1.310124397  1.587285399  1.359068274  1.011823058  1.014619946  1.047773838  1.026260018  1.073741555  1.229770780
  1.087081552  1.084881544  1.053621531  1.073753834  1.037619948  1.033453822  1.031712294  1.029835343  1.276358485  1.310643911  1.589543939  1.359826803  1.011816978  1.014603019  1.047760010  1.026249290  1.073772311  1.229890823
  1.087027669  1.084810734  1.053589225  1.073755383  1.037572265  1.033407688  1.031700015  1.029807687  1.276824355  1.311124444  1.591773152  1.360565901  1.011775374  1.014561534  1.047739983  1.026219964  1.073769212  1.229979992
  1.086973906  1.084744573  1.053563118  1.073758483  1.037558436  1.033376932  1.031690717  1.029790759  1.277280450  1.311599970  1.593985319  1.361290216  1.011763096  1.014541507  1.047726154  1.026200056  1.073784590  1.230066180
  1.086907744  1.084653854  1.053533792  1.073764563  1.037524581  1.033319950  1.031681538  1.029773831  1.277712226  1.312085390  1.596153617  1.362043858  1.011738420  1.014483094  1.047712326  1.026184559  1.073790789  1.230129242
  1.086864591  1.084578514  1.053506136  1.073767662  1.037507653  1.033284664  1.031664610  1.029746175  1.278163433  1.312590241  1.598292708  1.362795115  1.011726141  1.014449239  1.047703028  1.026160002  1.073815346  1.230195403
  1.086830735  1.084515333  1.053495407  1.073793888  1.037513852  1.033253789  1.031666160  1.029747725  1.278551221  1.313058496  1.600404859  1.363529325  1.011743069  1.014421582  1.047712326  1.026167750  1.073850751  1.230270743
  1.086796880  1.084458470  1.053490758  1.073832273  1.037510753  1.033221483  1.031675339  1.029753804  1.278941512  1.313582897  1.602512240  1.364265800  1.011744618  1.014396906  1.047726154  1.026167750  1.073890805  1.230336905
  1.086773872  1.084400058  1.053486109  1.073860049  1.037504673  1.033203125  1.031683087  1.029753804  1.279324412  1.314014673  1.604643941  1.364985347  1.011755347  1.014383078  1.047727704  1.026176929  1.073918462  1.230396867
  1.086744666  1.084352255  1.053472281  1.073892355  1.037503123  1.033193827  1.031676888  1.029756904  1.279692650  1.314404845  1.606751204  1.365673184  1.011758447  1.014364600  1.047719955  1.026178479  1.073930740  1.230490804
  1.086721539  1.084289193  1.053447723  1.073906183  1.037492275  1.033161521  1.031669259  1.029744625  1.279453039  1.314275503  1.608044863  1.365916371  1.011753798  1.014327645  1.047716975  1.026166201  1.073929191  1.230544567
  1.086710811  1.084243059  1.053426147  1.073921561  1.037487745  1.033130765  1.031659961  1.029739976  1.279802084  1.314738750  1.610055089  1.366622448  1.011767745  1.014298439  1.047712326  1.026163101  1.073943019  1.230586171
  1.086686134  1.084213853  1.053413868  1.073935390  1.037479997  1.033116937  1.031663060  1.029727697  1.280136704  1.315163255  1.612100005  1.367322445  1.011784673  1.014287710  1.047721505  1.026160002  1.073944569  1.230629206
  1.086676955  1.084210753  1.053407669  1.073958516  1.037479997  1.033107638  1.031673789  1.029738426  1.280459166  1.315532684  1.614108205  1.367995977  1.011796951  1.014283061  1.047738433  1.026169181  1.073958516  1.230675340
  1.086680055  1.084226131  1.053416967  1.073993802  1.037503123  1.033116937  1.031693816  1.029753804  1.280820370  1.315924525  1.616130590  1.368669391  1.011821508  1.014290810  1.047760010  1.026187658  1.073987722  1.230723023
  1.086704612  1.084264636  1.053438425  1.074036956  1.037532330  1.033143044  1.031735420  1.029783130  1.281155109  1.316334724  1.618114233  1.369338751  1.011856914  1.014313817  1.047793865  1.026212335  1.074026108  1.230790734
  1.086709261  1.084286213  1.053450823  1.074073792  1.037546158  1.033147693  1.031761527  1.029804587  1.281467319  1.316697955  1.620026588  1.369953036  1.011881590  1.014329195  1.047816873  1.026230812  1.074043036  1.230870724
  1.086743116  1.084319949  1.053466201  1.074118495  1.037573814  1.033173800  1.031790733  1.029829264  1.281751037  1.317046881  1.621910214  1.370553017  1.011936903  1.014359951  1.047836900  1.026266098  1.074084640  1.230949283
  1.086743116  1.084321499  1.053480029  1.074159980  1.037566185  1.033179998  1.031813860  1.029846191  1.282014251  1.317432642  1.623773456  1.371165276  1.011949182  1.014372349  1.047864556  1.026283026  1.074100018  1.231026173
  1.086770773  1.084336877  1.053518414  1.074210763  1.037570715  1.033206105  1.031866193  1.029881597  1.282302022  1.317812204  1.625604033  1.371767402  1.011967659  1.014415383  1.047913790  1.026316881  1.074141502  1.231115341
  1.086821556  1.084347725  1.053558469  1.074249268  1.037593842  1.033229232  1.031916976  1.029918432  1.282540798  1.318193913  1.627389789  1.372342825  1.011996865  1.014450788  1.047961593  1.026350737  1.074187636  1.231204629
  1.086853862  1.084346175  1.053604603  1.074276924  1.037603021  1.033258438  1.031973839  1.029949188  1.282812238  1.318587780  1.629181623  1.372902036  1.012010813  1.014478445  1.048010826  1.026387691  1.074235439  1.231283069
  1.086915374  1.084336877  1.053646207  1.074290752  1.037644625  1.033280015  1.032019973  1.029973865  1.283014297  1.318948984  1.630959153  1.373489738  1.012058496  1.014493823  1.048046112  1.026421547  1.074286103  1.231343031
  1.086989284  1.084344625  1.053689241  1.074303031  1.037686110  1.033330798  1.032070756  1.030015349  1.283232689  1.319300056  1.632728577  1.374061227  1.012118459  1.014536977  1.048092365  1.026461482  1.074335337  1.231427670
  1.087055326  1.084356904  1.053730726  1.074304581  1.037718415  1.033356905  1.032113791  1.030035377  1.283422470  1.319655061  1.634483695  1.374602079  1.012163043  1.014559984  1.048132300  1.026483059  1.074381590  1.231500030
  1.087118506  1.084369183  1.053773880  1.074292302  1.037743092  1.033380032  1.032160044  1.030055404  1.283646941  1.320028543  1.636193871  1.375142813  1.012199998  1.014581561  1.048167706  1.026509285  1.074424624  1.231559992
  1.087169290  1.084401488  1.053826213  1.074290752  1.037747741  1.033409238  1.032206178  1.030087709  1.283826590  1.320353031  1.637814283  1.375653028  1.012209177  1.014621496  1.048207641  1.026538491  1.074460030  1.231615424
  1.087183118  1.084424615  1.053864598  1.074283123  1.037741542  1.033438444  1.032238483  1.030116916  1.284071445  1.320710182  1.639414310  1.376165271  1.012223125  1.014650822  1.048229218  1.026559949  1.074486136  1.231650710
  1.087187648  1.084433794  1.053913832  1.074295402  1.037749171  1.033472300  1.032283068  1.030163050  1.284297943  1.321073413  1.641026497  1.376683712  1.012227654  1.014683127  1.048266172  1.026589274  1.074512362  1.231683135
  1.087215424  1.084458470  1.053967714  1.074289203  1.037766099  1.033518434  1.032326102  1.030203104  1.284516335  1.321448922  1.642600060  1.377214313  1.012249231  1.014723063  1.048292279  1.026620030  1.074560046  1.231739998
  1.087253809  1.084476948  1.054023027  1.074306130  1.037787676  1.033560038  1.032375336  1.030259967  1.285043836  1.322045565  1.643412232  1.377752662  1.012258410  1.014758468  1.048324585  1.026669264  1.074604630  1.231799960
  1.087280035  1.084493876  1.054067731  1.074319959  1.037809253  1.033599973  1.032415390  1.030303121  1.285254359  1.322407007  1.644928098  1.378256083  1.012278438  1.014796972  1.048350811  1.026710749  1.074636936  1.231855392
  1.087312341  1.084501505  1.054106116  1.074344635  1.037818432  1.033633828  1.032458425  1.030352354  1.285435081  1.322745562  1.646443844  1.378745556  1.012287736  1.014816880  1.048380017  1.026753902  1.074667692  1.231901526
  1.087343097  1.084519982  1.054149270  1.074372292  1.037838459  1.033673882  1.032506108  1.030403018  1.285635114  1.323119283  1.647933364  1.379249096  1.012320042  1.014847636  1.048409224  1.026796937  1.074690819  1.231960058
  1.087367654  1.084540009  1.054187655  1.074399948  1.037843108  1.033716917  1.032546163  1.030441523  1.285817504  1.323524594  1.649403453  1.379740357  1.012336969  1.014878511  1.048441529  1.026827693  1.074712276  1.231999993
  1.087423086  1.084556937  1.054236889  1.074447751  1.037876964  1.033761501  1.032586098  1.030490756  1.286008716  1.323910475  1.650877237  1.380247355  1.012372255  1.014910817  1.048469186  1.026861548  1.074770808  1.232036948
  1.087463021  1.084590793  1.054284573  1.074478507  1.037879944  1.033803105  1.032626152  1.030530810  1.286198258  1.324278951  1.652335048  1.380745649  1.012372255  1.014947653  1.048501492  1.026886106  1.074790716  1.232067704
  1.087544560  1.084624648  1.054323077  1.074483037  1.037907720  1.033832312  1.032660007  1.030556917  1.286398292  1.324636817  1.653785944  1.381261349  1.012395382  1.014975429  1.048532367  1.026907682  1.074841499  1.232089281
  1.087618470  1.084689260  1.054363132  1.074507713  1.037932277  1.033900023  1.032699943  1.030590773  1.286582470  1.325006962  1.655245662  1.381759644  1.012423038  1.015038490  1.048572302  1.026935339  1.074876904  1.232147694
  1.087716937  1.084761500  1.054392338  1.074536920  1.037970781  1.033967733  1.032726169  1.030623078  1.286775470  1.325363159  1.656710505  1.382264972  1.012461543  1.015087724  1.048596978  1.026966095  1.074936867  1.232216954
  1.087813854  1.084856868  1.054432273  1.074589252  1.038007736  1.034039974  1.032756925  1.030666113  1.286964893  1.325682402  1.658126354  1.382733345  1.012506127  1.015156865  1.048629284  1.027007699  1.074984670  1.232287645
  1.087906122  1.084956884  1.054481506  1.074647665  1.038040042  1.034109235  1.032786131  1.030724645  1.287166715  1.326015830  1.659492970  1.383194685  1.012538433  1.015215397  1.048656940  1.027053833  1.075018406  1.232366204
  1.088029265  1.085073829  1.054556966  1.074706197  1.038095355  1.034186125  1.032827735  1.030775428  1.287329793  1.326336861  1.660842061  1.383636832  1.012580037  1.015275359  1.048699975  1.027093887  1.075075388  1.232460022
  1.088183045  1.085192323  1.054618478  1.074776888  1.038158417  1.034269214  1.032872319  1.030824661  1.287507057  1.326624513  1.662161350  1.384077191  1.012621522  1.015332341  1.048733830  1.027130723  1.075153828  1.232587695
  1.088279963  1.085279942  1.054670811  1.074818492  1.038178444  1.034330726  1.032895327  1.030852318  1.287693024  1.326919317  1.663506985  1.384498239  1.012627721  1.015359998  1.048749208  1.027152300  1.075184584  1.232673883
  1.088356972  1.085355401  1.054701567  1.074858427  1.038207650  1.034378409  1.032909274  1.030866146  1.287884235  1.327240348  1.664793015  1.384919286  1.012636900  1.015381575  1.048755407  1.027161479  1.075227737  1.232756972
  1.088418484  1.085401535  1.054716945  1.074875355  1.038212299  1.034401536  1.032904625  1.030867696  1.288073659  1.327566624  1.666063190  1.385354400  1.012621522  1.015376925  1.048747659  1.027147651  1.075238466  1.232830763
  1.088438511  1.085438490  1.054730773  1.074895382  1.038198471  1.034423113  1.032898426  1.030867696  1.288282514  1.327887774  1.667299986  1.385775447  1.012580037  1.015376925  1.048730731  1.027133822  1.075219989  1.232896924
  1.088449240  1.085453868  1.054726124  1.074912310  1.038161516  1.034418464  1.032873869  1.030867696  1.288477182  1.328184247  1.668501735  1.386152625  1.012539983  1.015356898  1.048698425  1.027127743  1.075189233  1.232946157
  1.088529229  1.085496902  1.054739952  1.074939966  1.038203120  1.034438491  1.032869220  1.030878425  1.288626313  1.328477144  1.669700027  1.386528015  1.012556911  1.015353799  1.048689246  1.027121544  1.075240016  1.233001590
  1.088583112  1.085544586  1.054746151  1.074976921  1.038216949  1.034463048  1.032858491  1.030904651  1.288476944  1.328590751  1.670024633  1.386595368  1.012550712  1.015356898  1.048683047  1.027135372  1.075258493  1.233069181
  1.088629246  1.085604668  1.054759979  1.075018406  1.038249254  1.034504652  1.032858491  1.030935407  1.288629174  1.328861594  1.671153903  1.386960030  1.012561560  1.015366197  1.048686147  1.027147651  1.075292349  1.233147740
  1.088689208  1.085664630  1.054767728  1.075047731  1.038283110  1.034544587  1.032855392  1.030958414  1.288800001  1.329135418  1.672261596  1.387320042  1.012569189  1.015373826  1.048687696  1.027164578  1.075321555  1.233224630
  1.088755369  1.085736871  1.054792285  1.075084567  1.038327694  1.034600019  1.032860041  1.030978441  1.288939953  1.329415441  1.673347712  1.387676954  1.012581587  1.015403032  1.048699975  1.027169228  1.075364590  1.233312249
  1.088860035  1.085806131  1.054819942  1.075146198  1.038392305  1.034655333  1.032870770  1.031010747  1.289104581  1.329684615  1.674419999  1.388052344  1.012627721  1.015446186  1.048715353  1.027198434  1.075427651  1.233366132
  1.088932276  1.085881591  1.054850817  1.075190783  1.038427711  1.034713864  1.032883048  1.031027675  1.289273858  1.329949260  1.675492287  1.388430715  1.012638450  1.015489221  1.048733830  1.027218461  1.075456977  1.233453870
  1.089033842  1.085970759  1.054869175  1.075232267  1.038443089  1.034764647  1.032884598  1.031036973  1.289435387  1.330235362  1.676547647  1.388800025  1.012650728  1.015523076  1.048733830  1.027224660  1.075473905  1.233527660
  1.089103103  1.086067677  1.054878473  1.075264573  1.038476944  1.034818411  1.032884598  1.031047702  1.289586186  1.330479980  1.677572250  1.389138460  1.012663126  1.015561581  1.048726201  1.027238488  1.075504661  1.233590722
  1.089161515  1.086140037  1.054886103  1.075279951  1.038489223  1.034852266  1.032883048  1.031053901  1.289730787  1.330743074  1.678580046  1.389476895  1.012655377  1.015573859  1.048712254  1.027238488  1.075509191  1.233644605
  1.089183092  1.086201549  1.054887652  1.075290799  1.038481593  1.034878492  1.032883048  1.031039953  1.289895415  1.330990791  1.679595351  1.389813900  1.012630820  1.015581489  1.048707724  1.027229190  1.075487733  1.233659983
  1.089200020  1.086240053  1.054880023  1.075287700  1.038467646  1.034889221  1.032870770  1.031033874  1.290018439  1.331212282  1.680575371  1.390109181  1.012609243  1.015576959  1.048701525  1.027223110  1.075463057  1.233655334
  1.089250803  1.086292267  1.054878473  1.075303078  1.038490772  1.034912348  1.032861590  1.031039953  1.290173888  1.331478477  1.681523085  1.390446186  1.012609243  1.015572309  1.048693895  1.027230740  1.075478435  1.233669281
  1.089319944  1.086344600  1.054875374  1.075330734  1.038515329  1.034935355  1.032861590  1.031052351  1.290316939  1.331729174  1.682478428  1.390769243  1.012610793  1.015572309  1.048693895  1.027244568  1.075487733  1.233692288
  1.089395404  1.086395383  1.054880023  1.075327635  1.038538456  1.034956932  1.032864571  1.031039953  1.290473819  1.331972361  1.683419943  1.391073823  1.012626171  1.015572309  1.048692346  1.027240038  1.075503111  1.233724594
  1.089490771  1.086473823  1.054892302  1.075341582  1.038581491  1.034989238  1.032876968  1.031035423  1.290624619  1.332219958  1.684395432  1.391421556  1.012652278  1.015583038  1.048695326  1.027235389  1.075549245  1.233756900
  1.089578509  1.086549282  1.054909229  1.075363040  1.038633823  1.035021544  1.032889247  1.031041503  1.290766120  1.332486153  1.685347676  1.391759992  1.012678504  1.015589237  1.048704624  1.027241588  1.075578451  1.233809233
  1.089644670  1.086589217  1.054912329  1.075369239  1.038661480  1.035023093  1.032895327  1.031039953  1.290899992  1.332726121  1.686292291  1.392083049  1.012683034  1.015581489  1.048709273  1.027233839  1.075587749  1.233816981
  1.089709282  1.086661577  1.054921508  1.075392365  1.038687706  1.035049200  1.032899976  1.031063080  1.291023135  1.332980037  1.687209249  1.392392278  1.012707710  1.015604615  1.048718452  1.027247667  1.075589180  1.233846188
  1.089790821  1.086727738  1.054946184  1.075423121  1.038718462  1.035081506  1.032910824  1.031087637  1.291123033  1.333227634  1.688115358  1.392683029  1.012735367  1.015626192  1.048730731  1.027272344  1.075593829  1.233873844
  1.089866161  1.086818457  1.054980040  1.075470805  1.038755417  1.035132289  1.032926202  1.031126142  1.291238427  1.333472252  1.688989282  1.392975330  1.012758493  1.015661597  1.048747659  1.027309179  1.075610757  1.233910799
  1.090000033  1.085000038  1.054999948  1.075999975  1.039000034  1.034999967  1.032999992  1.031000018  1.299999952  1.338999987  1.689850807  1.393253803  1.012799978  1.015687704  1.048599958  1.027300000  1.075899959  1.234599948
  1.090000033  1.085000038  1.054999948  1.075999975  1.039000034  1.034999967  1.032999992  1.031000018  1.299999952  1.338999987  1.690663099  1.393509269  1.012799978  1.015721560  1.048599958  1.027300000  1.075899959  1.234599948
  1.090000033  1.085000038  1.054999948  1.075999975  1.039000034  1.034999967  1.032999992  1.031000018  1.299999952  1.338999987  1.691487670  1.393793821  1.012799978  1.015755415  1.048599958  1.027300000  1.075899959  1.234599948
  1.090000033  1.085000038  1.054999948  1.075999975  1.039000034  1.034999967  1.032999992  1.031000018  1.299999952  1.338999987  1.692296982  1.394084573  1.012799978  1.015793800  1.048599958  1.027300000  1.075899959  1.234599948
  1.090000033  1.085000038  1.054999948  1.075999975  1.039000034  1.034999967  1.032999992  1.031000018  1.299999952  1.338999987  1.693109274  1.394378424  1.012799978  1.015827656  1.048599958  1.027300000  1.075899959  1.234599948
  1.090000033  1.085000038  1.054999948  1.075999975  1.039000034  1.034999967  1.032999992  1.031000018  1.299999952  1.338999987  1.693920016  1.394641519  1.012799978  1.015853882  1.048599958  1.027300000  1.075899959  1.234599948
  1.090000033  1.085000038  1.054999948  1.075999975  1.039000034  1.034999967  1.032999992  1.031000018  1.299999952  1.338999987  1.694692254  1.394884586  1.012799978  1.015881538  1.048599958  1.027300000  1.075899959  1.234599948
  1.090000033  1.085000038  1.054999948  1.075999975  1.039000034  1.034999967  1.032999992  1.031000018  1.299999952  1.338999987  1.695450783  1.395132303  1.012799978  1.015912294  1.048599958  1.027300000  1.075899959  1.234599948
  1.090000033  1.085000038  1.054999948  1.075999975  1.039000034  1.034999967  1.032999992  1.031000018  1.299999952  1.338999987  1.696161509  1.395398498  1.012799978  1.015955329  1.048599958  1.027300000  1.075899959  1.234599948
  1.090000033  1.085000038  1.054999948  1.075999975  1.039000034  1.034999967  1.032999992  1.031000018  1.299999952  1.338999987  1.696863055  1.395653844  1.012799978  1.016001582  1.048599958  1.027300000  1.075899959  1.234599948
  1.090000033  1.085000038  1.054999948  1.075999975  1.039000034  1.034999967  1.032999992  1.031000018  1.299999952  1.338999987  1.697549224  1.395916939  1.012799978  1.015799999  1.048599958  1.027300000  1.075899959  1.234599948
  1.090000033  1.085000038  1.054999948  1.075999975  1.039000034  1.034999967  1.032999992  1.031000018  1.299999952  1.338999987  1.698226094  1.396193862  1.012799978  1.015799999  1.048599958  1.027300000  1.075899959  1.234599948
  1.090000033  1.085000038  1.054999948  1.075999975  1.039000034  1.034999967  1.032999992  1.031000018  1.299999952  1.338999987  1.698927641  1.396443129  1.012799978  1.015799999  1.048599958  1.027300000  1.075899959  1.234599948
  1.090000033  1.085000038  1.054999948  1.075999975  1.039000034  1.034999967  1.032999992  1.031000018  1.299999952  1.338999987  1.699632287  1.396690726  1.012799978  1.015799999  1.048599958  1.027300000  1.075899959  1.234599948
  1.090000033  1.085000038  1.054999948  1.075999975  1.039000034  1.034999967  1.032999992  1.031000018  1.299999952  1.338999987  1.700324655  1.396913886  1.012799978  1.015799999  1.048599958  1.027300000  1.075899959  1.234599948
  1.090000033  1.085000038  1.054999948  1.075999975  1.039000034  1.034999967  1.032999992  1.031000018  1.299999952  1.338999987  1.700984597  1.397106171  1.012799978  1.015799999  1.048599958  1.027300000  1.075899959  1.234599948
  1.090000033  1.085000038  1.054999948  1.075999975  1.039000034  1.034999967  1.032999992  1.031000018  1.299999952  1.338999987  1.701652288  1.397287726  1.012799978  1.015799999  1.048599958  1.027300000  1.075899959  1.234599948
  1.090000033  1.085000038  1.054999948  1.075999975  1.039000034  1.034999967  1.032999992  1.031000018  1.299999952  1.338999987  1.702318430  1.397475362  1.012799978  1.015799999  1.048599958  1.027300000  1.075899959  1.234599948
  1.090000033  1.085000038  1.054999948  1.075999975  1.039000034  1.034999967  1.032999992  1.031000018  1.299999952  1.338999987  1.702955365  1.397649288  1.012799978  1.015799999  1.048599958  1.027300000  1.075899959  1.234599948
  1.090000033  1.085000038  1.054999948  1.075999975  1.039000034  1.034999967  1.032999992  1.031000018  1.299999952  1.338999987  1.703569174  1.397804618  1.012799978  1.015799999  1.048599958  1.027300000  1.075899959  1.234599948
  1.090000033  1.085000038  1.054999948  1.075999975  1.039000034  1.034999967  1.032999992  1.031000018  1.299999952  1.338999987  1.704155326  1.397976875  1.012799978  1.015799999  1.048599958  1.027300000  1.075899959  1.234599948
  1.090000033  1.085000038  1.054999948  1.075999975  1.039000034  1.034999967  1.032999992  1.031000018  1.299999952  1.338999987  1.704689264  1.398133874  1.012799978  1.015799999  1.048599958  1.027300000  1.075899959  1.234599948
  1.090000033  1.085000038  1.054999948  1.075999975  1.039000034  1.034999967  1.032999992  1.031000018  1.299999952  1.338999987  1.705209255  1.398289204  1.012799978  1.015799999  1.048599958  1.027300000  1.075899959  1.234599948
  1.090000033  1.085000038  1.054999948  1.075999975  1.039000034  1.034999967  1.032999992  1.031000018  1.299999952  1.338999987  1.705721498  1.398424625  1.012799978  1.015799999  1.048599958  1.027300000  1.075899959  1.234599948
  1.090000033  1.085000038  1.054999948  1.075999975  1.039000034  1.034999967  1.032999992  1.031000018  1.299999952  1.338999987  1.706224561  1.398540020  1.012799978  1.015799999  1.048599958  1.027300000  1.075899959  1.234599948
  1.090000033  1.085000038  1.054999948  1.075999975  1.039000034  1.034999967  1.032999992  1.031000018  1.299999952  1.338999987  1.706696868  1.398663044  1.012799978  1.015799999  1.048599958  1.027300000  1.075899959  1.234599948
  1.090000033  1.085000038  1.054999948  1.075999975  1.039000034  1.034999967  1.032999992  1.031000018  1.299999952  1.338999987  1.707166195  1.398781538  1.012799978  1.015799999  1.048599958  1.027300000  1.075899959  1.234599948
  1.090000033  1.085000038  1.054999948  1.075999975  1.039000034  1.034999967  1.032999992  1.031000018  1.299999952  1.338999987  1.707632303  1.398906112  1.012799978  1.015799999  1.048599958  1.027300000  1.075899959  1.234599948
  1.090000033  1.085000038  1.054999948  1.075999975  1.039000034  1.034999967  1.032999992  1.031000018  1.299999952  1.338999987  1.708066106  1.399003029  1.012799978  1.015799999  1.048599958  1.027300000  1.075899959  1.234599948
  1.090000033  1.085000038  1.054999948  1.075999975  1.039000034  1.034999967  1.032999992  1.031000018  1.299999952  1.338999987  1.708492279  1.399115443  1.012799978  1.015799999  1.048599958  1.027300000  1.075899959  1.234599948
  1.090000033  1.085000038  1.054999948  1.075999975  1.039000034  1.034999967  1.032999992  1.031000018  1.299999952  1.338999987  1.710000038  1.401000023  1.012799978  1.015799999  1.048599958  1.027300000  1.075899959  1.234599948
  1.090000033  1.085000038  1.054999948  1.075999975  1.039000034  1.034999967  1.032999992  1.031000018  1.299999952  1.338999987  1.710000038  1.401000023  1.012799978  1.015799999  1.048599958  1.027300000  1.075899959  1.234599948
  1.090000033  1.085000038  1.054999948  1.075999975  1.039000034  1.034999967  1.032999992  1.031000018  1.299999952  1.338999987  1.710000038  1.401000023  1.012799978  1.015799999  1.048599958  1.027300000  1.075899959  1.234599948
  1.090000033  1.085000038  1.054999948  1.075999975  1.039000034  1.034999967  1.032999992  1.031000018  1.299999952  1.338999987  1.710000038  1.401000023  1.012799978  1.015799999  1.048599958  1.027300000  1.075899959  1.234599948
  1.090000033  1.085000038  1.054999948  1.075999975  1.039000034  1.034999967  1.032999992  1.031000018  1.299999952  1.338999987  1.710000038  1.401000023  1.012799978  1.015799999  1.048599958  1.027300000  1.075899959  1.234599948
  1.090000033  1.085000038  1.054999948  1.075999975  1.039000034  1.034999967  1.032999992  1.031000018  1.299999952  1.338999987  1.710000038  1.401000023  1.012799978  1.015799999  1.048599958  1.027300000  1.075899959  1.234599948
  1.090000033  1.085000038  1.054999948  1.075999975  1.039000034  1.034999967  1.032999992  1.031000018  1.299999952  1.338999987  1.710000038  1.401000023  1.012799978  1.015799999  1.048599958  1.027300000  1.075899959  1.234599948
  1.090000033  1.085000038  1.054999948  1.075999975  1.039000034  1.034999967  1.032999992  1.031000018  1.299999952  1.338999987  1.710000038  1.401000023  1.012799978  1.015799999  1.048599958  1.027300000  1.075899959  1.234599948
  1.090000033  1.085000038  1.054999948  1.075999975  1.039000034  1.034999967  1.032999992  1.031000018  1.299999952  1.338999987  1.710000038  1.401000023  1.012799978  1.015799999  1.048599958  1.027300000  1.075899959  1.234599948
  1.090000033  1.085000038  1.054999948  1.075999975  1.039000034  1.034999967  1.032999992  1.031000018  1.299999952  1.338999987  1.710000038  1.401000023  1.012799978  1.015799999  1.048599958  1.027300000  1.075899959  1.234599948
  1.090000033  1.085000038  1.054999948  1.075999975  1.039000034  1.034999967  1.032999992  1.031000018  1.299999952  1.338999987  1.710000038  1.401000023  1.012799978  1.015799999  1.048599958  1.027300000  1.075899959  1.234599948
  1.090000033  1.085000038  1.054999948  1.075999975  1.039000034  1.034999967  1.032999992  1.031000018  1.299999952  1.338999987  1.710000038  1.401000023  1.012799978  1.015799999  1.048599958  1.027300000  1.075899959  1.234599948
  1.090000033  1.085000038  1.054999948  1.075999975  1.039000034  1.034999967  1.032999992  1.031000018  1.299999952  1.338999987  1.710000038  1.401000023  1.012799978  1.015799999  1.048599958  1.027300000  1.075899959  1.234599948
  1.090000033  1.085000038  1.054999948  1.075999975  1.039000034  1.034999967  1.032999992  1.031000018  1.299999952  1.338999987  1.710000038  1.401000023  1.012799978  1.015799999  1.048599958  1.027300000  1.075899959  1.234599948
  1.090000033  1.085000038  1.054999948  1.075999975  1.039000034  1.034999967  1.032999992  1.031000018  1.299999952  1.338999987  1.710000038  1.401000023  1.012799978  1.015799999  1.048599958  1.027300000  1.075899959  1.234599948
  1.090000033  1.085000038  1.054999948  1.075999975  1.039000034  1.034999967  1.032999992  1.031000018  1.299999952  1.338999987  1.710000038  1.401000023  1.012799978  1.015799999  1.048599958  1.027300000  1.075899959  1.234599948
  1.090000033  1.085000038  1.054999948  1.075999975  1.039000034  1.034999967  1.032999992  1.031000018  1.299999952  1.338999987  1.710000038  1.401000023  1.012799978  1.015799999  1.048599958  1.027300000  1.075899959  1.234599948
  1.090000033  1.085000038  1.054999948  1.075999975  1.039000034  1.034999967  1.032999992  1.031000018  1.299999952  1.338999987  1.710000038  1.401000023  1.012799978  1.015799999  1.048599958  1.027300000  1.075899959  1.234599948
  1.090000033  1.085000038  1.054999948  1.075999975  1.039000034  1.034999967  1.032999992  1.031000018  1.299999952  1.338999987  1.710000038  1.401000023  1.012799978  1.015799999  1.048599958  1.027300000  1.075899959  1.234599948
  1.090000033  1.085000038  1.054999948  1.075999975  1.039000034  1.034999967  1.032999992  1.031000018  1.299999952  1.338999987  1.710000038  1.401000023  1.012799978  1.015799999  1.048599958  1.027300000  1.075899959  1.234599948
  1.090000033  1.085000038  1.054999948  1.075999975  1.039000034  1.034999967  1.032999992  1.031000018  1.299999952  1.338999987  1.710000038  1.401000023  1.012799978  1.015799999  1.048599958  1.027300000  1.075899959  1.234599948
